,Melbourne,Toronto,Prague,Paris,Tokyo,Amsterdam,Auckland,Moscow,Stockholm,London,Dallas,NewYork,Boston,Miami,Washington,Barcelona,Atlanta,Dublin,Vienna,Brisbane,Chicago,SanJose,Seattle,Tallinn,Copenhagen,Milan,Ljubljana,Frankfurt,Fremont,Singapore,Warsaw,Mexico,Kiev,Zurich,Malaysia,LosAngeles,Phoenix,Houston,Baltimore,CapeTown,Bruges,Lisbon,Helsinki,NewDelhi,Budapest,Bergen,Medellin,BuenosAires,SanAntonio,Montreal,Vancouver,Roubaix,KansasCity,Hyderabad,Jakarta,Valencia,Christchurch,Graz,Luxembourg,Cairo,Fez,Bangkok,Hanoi,Istanbul,Philadelphia,Varna,Santiago,Denver,HongKong,SanDiego,Reykjavik,Manchester,Charlotte,LasVegas,Columbus,Detroit,Portland,Halifax,Hangzhou,Chennai,SaltLakeCity,TelAviv,Newcastle,Orlando,StLouis,Coventry,Minneapolis,Sacramento,Madrid,Taipei,Tampa,Panama,SanFrancisco,SouthBend,Adelaide,Monticello,Sydney,Lima,Asheville,Pune,Manila,Seoul,Manhattan,DaresSalaam,Riyadh,Thessaloniki,Osaka,OklahomaCity,ColoradoSprings,SaoPaulo,Siauliai,Riga,Oslo,Piscataway,Nairobi,Dubai,Winnipeg,Toledo,Cleveland,Wellington,NewOrleans,Salem,Albuquerque,Austin,DesMoines,Albany,Bratislava,Dhaka,Zagreb,Honolulu,Dusseldorf,Sofia,Indore,Maidstone,Gosport,Nuremberg,Sapporo,Nis,Geneva,Raleigh,Roseburg,Gothenburg,Dagupan,Saskatoon,Montevideo,SanJuan,Perth,Vilnius,Secaucus,Karaganda,Johannesburg,Novosibirsk,Guadalajara,Shanghai,Brunswick,Pittsburgh,Strasbourg,Lahore,Edinburgh,Lausanne,Arezzo,Rome,Cardiff,Limassol,Tirana,Kazan,Palermo,Dronten,Groningen,Rotterdam,Brno,Ankara,Venice,Hamburg,Belfast,Bursa,Gdansk,Pristina,Brussels,PhnomPenh,Munich,Lugano,Ktis,Bogota,Athens,Alblasserdam,TheHague,Westpoort,Canberra,LaCeiba,Shenzhen,Bangalore,Liege,Vladivostok,Redding,Frosinone,Izmir,Bristol,Eindhoven,Indianapolis,Memphis,HoChiMinhCity,Cromwell,Bern,Syracuse,Basel,Brasilia,Savannah,Lyon,Algiers,Caracas,Lagos,Koto,Tbilisi,Valletta,Antwerp,Tunis,
Melbourne,0.0,218.592,242.737,279.703,143.378,274.962,34.396,319.276,301.726,265.16,189.154,216.654,223.636,261.535,213.486,225.732,203.44,258.946,281.879,28.458,251.187,205.866,188.866,281.521,276.095,284.317,273.094,273.398,207.423,81.994,286.422,198.099,303.844,282.055,125.046,157.196,165.353,192.006,214.494,390.74,277.649,316.472,258.642,292.831,287.997,288.633,359.747,347.523,259.356,252.361,184.236,292.6,230.676,127.672,93.113,238.26,49.099,288.604,261.787,316.869,282.769,237.544,119.805,316.869,329.26,314.78,323.525,231.519,114.345,197.723,323.621,272.889,272.234,210.025,331.141,245.097,202.123,265.924,236.854,114.778,183.378,284.926,288.912,259.155,203.399,239.926,269.926,252.429,295.388,324.309,257.392,264.373,168.496,214.817,11.45,293.078,11.287,285.57,214.296,139.625,125.493,286.713,217.399,268.731,277.648,278.915,130.113,245.126,220.782,323.484,308.524,303.506,298.929,217.906,431.321,242.304,217.721,225.71,243.633,36.369,251.11,256.629,229.557,243.296,237.252,222.499,244.906,130.001,272.122,210.336,247.815,305.292,146.699,284.103,281.968,275.317,161.161,308.426,298.072,218.583,210.377,296.097,170.127,229.54,347.274,247.426,35.514,260.908,247.858,319.772,450.823,362.694,210.6,246.716,256.369,219.666,294.706,179.697,289.013,235.225,293.959,281.401,253.951,339.984,266.316,316.595,311.893,275.605,279.951,302.05,289.379,286.704,241.86,278.551,253.244,299.983,301.822,321.16,274.257,111.278,238.866,280.009,284.701,362.455,275.511,239.503,239.095,242.868,12.628,220.391,163.055,118.715,233.325,179.378,274.021,249.054,324.74,270.921,290.476,249.987,245.056,131.892,251.915,227.703,262.611,246.422,360.311,225.445,240.821,285.379,256.765,413.326,124.85,349.459,305.721,272.506,312.329,
Toronto,218.592,0.0,109.877,92.279,178.253,94.375,227.9,131.733,113.904,88.928,45.739,12.492,20.112,41.814,20.143,108.185,26.17,96.606,108.676,224.368,14.613,61.613,54.278,109.306,106.885,116.426,105.59,94.572,59.67,249.922,128.389,72.428,126.838,109.215,215.69,69.494,56.448,37.592,20.456,228.163,94.189,122.903,110.774,219.713,121.776,125.707,99.35,174.414,47.835,7.995,50.755,89.159,36.765,217.366,248.183,114.5,219.036,113.686,106.89,138.664,139.588,278.226,260.438,131.886,17.476,135.972,151.947,33.757,240.032,64.432,132.386,97.627,26.26,80.87,24.601,22.895,54.699,27.385,211.12,224.089,51.46,143.619,93.079,41.039,18.923,88.645,35.519,64.378,113.57,198.631,40.558,85.013,63.315,15.803,217.965,18.141,199.4,125.197,26.747,220.703,251.984,185.883,13.735,215.8,184.007,146.21,166.191,38.45,33.579,139.131,114.465,115.797,116.326,13.502,254.359,187.597,79.271,25.472,29.93,204.979,45.806,22.131,55.166,45.641,30.914,25.13,110.105,240.052,104.592,114.44,92.683,126.453,220.442,87.101,90.153,94.47,178.63,120.81,98.166,20.863,59.636,115.816,226.661,51.719,165.257,47.214,262.757,122.012,15.266,183.18,250.913,169.444,65.457,208.97,22.285,17.122,97.033,261.55,97.357,108.935,114.886,117.56,89.64,141.613,130.63,147.215,131.997,89.752,97.169,99.27,112.129,148.449,114.632,97.043,78.611,145.49,115.02,120.334,96.695,249.812,105.566,106.536,112.649,93.531,139.64,93.003,96.174,95.416,214.39,14.362,220.389,212.29,91.976,233.799,76.159,120.624,149.518,88.979,95.868,18.066,41.764,254.952,85.384,102.404,17.179,108.771,140.091,53.321,111.456,129.913,88.71,217.176,232.612,168.014,132.592,97.541,151.459,
Prague,242.737,109.877,0.0,23.061,269.007,20.941,279.038,51.756,35.19,25.129,140.272,96.688,93.922,130.395,100.275,43.091,113.692,36.551,1.553,282.301,120.246,169.083,174.256,44.517,19.46,31.995,22.256,13.194,169.175,242.197,13.705,163.227,25.765,13.651,262.122,164.056,152.407,135.129,105.796,169.719,27.679,60.931,35.993,227.257,5.354,38.916,184.768,258.725,132.121,99.004,170.013,34.23,132.988,133.224,258.25,43.835,321.931,23.378,17.996,62.091,75.453,188.559,348.128,34.265,96.748,21.143,226.352,144.732,259.211,161.816,66.433,31.775,108.274,171.665,115.923,117.375,176.139,111.304,186.412,149.276,143.63,74.062,35.277,125.117,125.975,32.647,128.122,169.697,39.498,293.098,129.114,172.297,164.602,118.655,330.035,123.738,276.702,195.052,121.629,142.223,314.981,293.037,94.4,151.229,95.436,31.865,246.858,138.225,144.733,217.652,28.005,36.079,120.334,95.613,199.297,135.249,203.684,125.053,132.082,305.221,147.711,90.55,166.009,146.712,126.311,98.1,0.224,185.203,12.872,208.641,17.636,13.325,132.158,28.779,30.235,16.395,294.331,14.514,17.64,106.047,187.105,39.665,320.429,143.039,255.097,136.714,209.652,29.721,94.95,85.587,183.551,89.237,149.405,184.207,93.201,116.444,32.675,137.384,36.362,17.528,26.525,17.122,31.817,67.391,18.525,68.281,52.456,21.798,24.151,21.169,9.954,53.34,22.536,23.642,27.286,57.412,38.011,24.67,22.557,207.671,14.628,20.875,9.391,188.831,25.788,21.367,21.635,20.327,248.872,98.678,209.314,136.99,24.737,138.257,172.438,29.618,29.919,30.485,22.113,122.524,128.876,262.637,97.05,25.276,96.405,14.742,230.438,138.885,36.43,43.507,161.51,121.874,262.678,58.887,46.077,26.091,53.931,
Paris,279.703,92.279,23.061,0.0,234.898,9.92,279.387,49.516,30.591,8.321,113.901,74.242,76.799,108.413,78.691,22.222,91.32,17.322,21.791,286.23,93.703,141.464,147.905,38.916,23.448,16.64,43.337,10.418,148.278,256.105,30.576,135.228,48.155,18.524,243.338,144.472,131.362,107.635,84.012,151.35,17.482,43.833,32.704,205.014,25.577,35.6,162.778,237.49,112.516,83.003,143.002,4.613,104.821,137.1,261.212,26.007,293.039,30.108,8.126,63.448,53.931,172.472,260.118,47.832,73.741,42.38,203.331,117.11,253.596,141.958,45.794,13.458,87.733,151.815,94.481,89.344,149.696,89.892,185.001,134.793,123.893,68.198,14.741,103.571,99.459,12.382,101.981,143.649,17.806,271.827,108.653,151.786,146.42,90.447,302.445,100.227,269.559,169.904,101.668,123.576,298.831,273.161,78.971,131.008,89.123,59.492,231.04,111.3,117.545,202.631,44.932,46.499,106.081,73.056,183.932,126.606,175.857,100.353,102.362,278.458,122.195,71.473,142.578,122.33,99.403,82.318,23.113,176.095,33.482,186.637,12.916,40.848,134.126,9.839,10.385,12.937,258.263,37.095,11.213,84.613,160.036,43.556,292.904,116.439,237.069,116.776,269.821,43.371,73.368,90.576,169.208,92.595,128.745,218.824,74.161,88.215,7.164,123.468,17.643,12.441,29.627,20.095,12.919,62.357,44.504,66.945,37.551,11.178,14.632,14.8,31.181,48.573,25.531,19.128,8.344,48.454,35.131,43.627,9.433,192.698,17.023,22.48,25.698,166.002,53.692,14.837,15.26,9.425,232.717,79.832,215.941,138.145,10.674,149.947,151.031,31.637,57.261,11.555,15.129,98.357,100.957,170.967,76.616,19.056,77.164,22.704,228.891,115.661,14.893,29.586,148.133,100.129,252.646,77.086,43.079,11.369,47.482,
Tokyo,143.378,178.253,269.007,234.898,0.0,239.909,197.971,194.066,247.357,216.519,146.631,175.906,181.682,177.251,169.961,237.529,165.064,254.68,233.226,130.17,169.071,106.097,143.312,240.293,233.71,264.325,224.649,221.612,107.779,75.3,248.545,155.502,255.268,226.673,78.372,114.764,123.039,149.507,171.518,363.603,244.077,273.159,241.889,252.287,237.005,248.42,227.324,308.289,154.279,137.632,120.031,246.624,138.591,239.816,78.259,254.062,253.126,264.208,239.225,280.693,274.846,98.513,109.432,287.763,175.127,269.92,355.471,147.819,47.638,117.134,261.229,229.175,167.992,123.161,186.957,134.383,85.173,153.809,166.765,102.637,138.676,288.268,232.2,177.905,150.005,238.277,169.835,118.722,229.779,32.582,165.089,221.624,115.467,172.073,288.132,152.111,113.462,242.946,172.376,132.615,69.269,32.991,180.355,250.657,296.08,313.903,7.346,157.212,113.51,279.959,264.628,254.341,254.586,176.163,407.981,337.882,173.618,160.073,130.705,252.863,169.473,185.315,138.107,136.552,130.341,175.559,282.315,113.763,224.691,78.384,260.586,254.82,392.469,213.773,235.417,224.552,18.07,247.797,265.09,196.343,89.954,207.024,58.894,138.437,298.256,199.252,128.322,245.19,139.274,299.519,408.858,78.358,159.638,47.091,166.092,177.238,256.15,165.08,233.417,230.13,223.387,264.557,233.315,262.337,257.453,274.944,301.553,239.719,238.919,253.474,231.112,321.069,248.01,229.277,206.665,311.533,269.945,254.981,231.311,86.142,228.731,269.837,242.931,241.709,305.99,220.041,230.477,250.091,181.997,177.987,163.006,243.121,218.568,30.601,124.956,274.995,292.664,238.152,225.785,138.425,148.358,75.7,176.99,234.119,187.895,229.924,317.885,183.019,240.387,251.804,210.015,322.648,0.614,284.214,274.162,222.159,291.115,
Amsterdam,274.962,94.375,20.941,9.92,239.909,0.0,272.657,47.095,23.746,6.231,117.276,76.24,80.962,117.556,83.43,31.335,96.473,19.905,18.818,288.455,97.925,154.296,146.528,29.483,17.255,17.09,23.99,7.736,134.909,162.638,27.127,146.948,45.857,14.41,166.939,138.874,142.92,107.042,81.201,150.743,9.082,41.209,26.768,147.734,27.931,33.977,159.983,237.385,117.744,141.305,149.249,10.71,106.645,138.495,259.262,37.885,298.209,39.586,10.26,58.757,60.997,201.112,208.469,41.403,86.247,47.334,225.821,127.721,238.928,146.755,49.515,11.6,95.095,141.346,99.192,92.164,134.068,91.782,181.904,141.211,126.307,57.048,12.831,99.703,106.472,10.475,105.681,145.77,26.376,258.301,114.355,162.414,141.209,101.154,313.007,100.457,281.668,171.251,99.082,128.629,211.34,272.234,78.389,138.289,103.829,56.342,246.589,121.044,112.637,187.974,29.827,32.288,20.171,80.374,174.27,107.712,166.782,102.132,97.295,282.345,120.743,71.905,131.828,111.2,109.995,79.088,20.937,257.759,45.048,176.902,4.832,32.001,148.231,8.712,14.711,10.605,263.391,34.155,16.039,91.691,153.919,54.513,245.435,115.763,217.678,131.091,286.138,30.409,77.549,98.065,182.106,85.115,136.809,259.256,87.6,99.951,10.129,202.715,16.751,53.1,47.67,17.197,12.011,60.824,39.697,57.752,41.166,2.716,5.084,2.957,28.85,55.14,21.777,13.823,6.525,55.733,29.349,33.988,4.445,262.989,15.783,28.305,57.533,160.747,49.655,3.926,2.743,1.902,275.571,86.555,210.247,138.381,5.542,141.206,158.469,34.889,53.67,12.014,3.73,104.967,102.416,180.496,84.847,18.217,84.308,69.98,202.678,119.24,24.509,43.74,153.891,235.694,235.1,79.019,40.7,11.73,48.089,
Auckland,34.396,227.9,279.038,279.387,197.971,272.657,0.0,305.218,289.389,262.57,189.775,218.714,225.002,304.517,215.368,259.814,204.021,292.825,295.156,40.491,288.189,243.051,190.098,315.567,286.603,286.092,308.589,280.722,244.35,114.318,304.172,209.459,301.461,315.411,123.313,157.876,166.029,192.269,214.428,408.311,274.736,314.369,292.796,312.852,294.994,291.423,331.032,351.968,256.58,289.198,184.915,293.144,267.691,162.575,127.229,272.542,15.497,283.445,293.128,320.976,302.445,259.967,176.081,305.311,362.187,324.699,330.615,267.914,148.469,234.748,302.211,270.323,309.568,165.42,363.354,282.133,239.178,302.581,215.885,148.581,183.925,323.475,272.849,297.927,203.907,274.057,269.863,172.044,273.123,169.681,294.428,264.681,169.108,215.372,45.695,335.109,23.756,289.373,214.861,177.901,159.918,319.055,219.163,301.434,270.907,325.882,143.044,280.894,257.905,323.986,294.41,310.726,283.848,218.532,425.818,277.942,218.397,227.005,280.654,0.615,287.944,294.002,266.492,280.357,274.303,222.842,279.341,168.661,306.924,247.416,279.487,302.998,179.198,270.154,267.087,272.008,204.412,296.874,298.689,219.102,247.384,342.604,260.282,210.834,348.112,248.119,69.678,288.813,285.186,352.545,435.984,345.739,305.033,310.486,292.878,220.174,295.441,213.683,286.749,262.177,292.225,279.543,275.571,319.603,301.405,328.725,304.808,274.07,275.801,302.675,288.983,309.773,275.688,275.376,290.394,324.351,301.543,304.628,274.534,144.017,272.957,277.739,300.96,349.072,309.839,286.385,276.19,274.662,27.598,220.99,161.404,153.336,269.701,459.373,311.813,283.43,320.119,267.933,285.068,285.642,313.187,166.087,227.91,261.718,299.737,262.152,361.024,222.888,275.013,282.711,259.159,414.092,136.86,330.047,303.801,266.714,314.884,
Moscow,319.276,131.733,51.756,49.516,194.066,47.095,305.218,0.0,18.589,44.812,153.094,117.366,122.698,150.855,129.125,66.878,136.5,60.588,58.352,295.167,135.901,189.531,183.29,22.466,27.69,60.489,60.539,43.921,178.28,174.947,63.144,180.708,10.437,41.739,206.265,178.506,172.847,152.87,122.844,191.212,54.289,78.172,16.177,194.531,52.641,33.591,197.1,276.015,158.561,132.213,183.02,50.193,139.157,170.201,194.003,76.732,332.291,69.49,45.564,92.535,102.362,246.72,311.661,76.73,130.283,75.82,256.091,160.998,184.664,179.771,86.843,58.727,138.608,179.511,138.726,129.375,181.186,145.197,123.104,173.852,158.156,97.201,54.098,148.111,140.703,50.285,146.495,190.781,66.818,307.945,147.341,185.579,184.4,138.624,338.238,139.425,273.567,213.069,137.442,165.752,288.672,271.091,114.608,177.723,125.017,89.419,187.715,156.971,155.047,232.862,26.454,21.688,28.132,113.765,206.95,130.253,214.659,141.552,147.26,309.422,163.274,118.318,172.068,154.342,149.255,118.867,56.229,214.247,55.079,219.818,45.902,66.508,165.462,52.309,52.015,37.346,205.11,67.685,42.681,131.251,186.729,25.091,271.997,166.369,279.469,167.047,302.789,23.236,113.762,50.496,222.404,41.498,179.983,125.827,124.519,131.604,45.188,223.901,59.276,54.777,81.263,53.723,55.516,93.72,66.297,14.443,68.98,51.859,42.795,41.167,47.274,101.732,66.508,43.578,48.082,100.17,59.661,65.877,43.725,227.764,45.913,70.765,61.337,201.552,80.543,44.97,50.217,43.03,331.3,112.922,151.031,174.752,45.995,99.708,191.794,81.311,107.486,52.401,41.816,140.897,156.726,263.444,118.633,63.637,129.631,57.394,245.615,153.536,59.749,98.634,200.097,146.371,215.587,72.589,78.683,51.492,82.855,
Stockholm,301.726,113.904,35.19,30.591,247.357,23.746,289.389,18.589,0.0,28.969,138.341,93.033,99.997,142.527,105.32,54.493,119.698,40.69,42.615,311.219,110.016,166.3,150.402,6.053,10.017,33.327,46.401,27.168,157.543,178.642,44.861,158.884,59.487,41.371,190.081,164.736,155.286,144.086,101.683,170.161,35.229,62.207,6.684,174.698,39.932,15.116,179.931,251.811,142.187,103.581,154.683,27.778,124.529,165.312,277.273,64.965,302.836,58.498,32.912,80.043,84.681,208.791,303.371,61.527,102.36,60.57,227.185,138.43,207.893,164.52,68.246,33.105,119.964,162.953,119.23,112.229,154.583,112.571,183.338,164.376,140.968,83.798,36.803,138.556,117.323,36.286,123.021,162.312,53.506,282.454,134.529,177.072,164.68,120.432,321.225,119.629,294.706,226.298,119.345,157.845,319.579,255.972,95.351,162.734,103.896,68.409,223.481,143.408,131.898,230.914,14.282,8.4,9.619,98.55,187.251,143.564,181.343,123.141,119.028,299.532,141.375,95.41,158.96,132.356,130.507,102.365,35.201,196.789,45.753,197.406,24.124,64.897,158.531,32.869,30.756,32.036,233.614,52.916,36.464,114.605,158.266,7.03,267.682,131.623,256.945,145.031,291.712,12.492,94.13,73.865,190.919,59.591,159.799,213.757,100.652,116.074,37.774,220.865,41.729,35.064,61.083,40.094,31.66,84.101,67.39,32.66,58.112,21.844,26.085,23.741,37.601,74.214,50.581,49.303,26.193,79.149,43.579,62.666,27.164,221.372,33.113,38.717,36.815,185.427,61.973,23.619,21.972,24.385,313.283,97.575,218.842,165.76,25.128,123.077,186.6,53.484,72.804,34.561,25.207,174.756,204.62,272.084,99.594,40.09,102.296,34.851,252.866,143.292,45.83,69.924,181.627,121.401,252.922,80.118,62.413,25.944,67.07,
London,265.16,88.928,25.129,8.321,216.519,6.231,262.57,44.812,28.969,0.0,110.2,70.839,75.117,98.425,75.938,29.405,87.745,11.432,27.854,282.86,85.73,138.151,131.284,33.799,16.379,26.195,32.504,12.919,134.031,169.15,29.553,134.12,48.717,21.784,189.702,129.742,125.702,107.936,76.681,143.008,9.553,50.288,34.38,140.284,26.065,28.46,152.694,231.155,109.605,83.965,137.824,3.625,98.007,184.269,190.767,39.338,273.021,48.845,15.254,61.265,53.274,241.57,214.34,45.22,70.195,52.12,199.921,119.804,211.906,136.148,37.526,6.313,92.484,146.285,84.431,90.709,139.298,87.948,184.109,143.487,118.634,63.173,9.297,97.472,92.034,5.807,97.291,136.765,23.416,262.685,102.595,149.183,132.994,83.926,305.708,92.42,278.329,171.674,90.285,140.11,259.351,269.272,68.979,129.708,90.697,60.301,231.572,111.18,108.079,178.396,37.011,38.742,26.412,68.541,172.038,175.505,161.227,96.747,90.418,270.849,124.94,69.779,163.038,117.018,101.054,77.077,25.171,226.505,33.335,189.639,11.586,39.49,138.36,0.922,3.066,13.514,250.359,43.244,16.447,80.628,154.064,54.868,241.213,107.533,227.319,106.181,265.939,35.826,70.726,93.796,156.101,94.616,135.52,196.909,77.33,87.337,13.774,145.952,9.923,25.903,34.253,26.194,4.828,66.179,43.458,63.422,49.802,6.471,8.517,6.22,35.112,56.454,29.866,12.558,9.821,57.816,38.955,55.118,8.904,199.413,19.769,25.394,25.102,150.315,54.431,8.436,8.161,5.344,285.443,72.558,233.31,144.519,11.712,141.645,157.29,33.794,61.375,3.771,7.583,89.278,104.364,314.904,69.993,18.317,75.684,24.317,225.994,111.964,20.706,38.218,150.524,96.047,242.052,81.451,44.999,10.286,57.566,
Dallas,189.154,45.739,140.272,113.901,146.631,117.276,189.775,153.094,138.341,110.2,0.0,36.633,43.637,35.541,37.111,135.384,23.719,118.128,135.742,186.241,37.217,46.249,61.134,135.736,128.086,131.955,133.826,120.607,37.322,212.889,139.79,25.376,152.848,137.228,204.489,33.336,24.641,6.865,33.847,245.983,118.966,146.985,138.224,265.126,139.277,141.306,83.59,159.362,11.48,41.01,61.137,112.296,11.913,242.317,251.178,147.198,171.07,152.161,123.173,167.441,175.473,278.369,209.524,153.131,41.553,163.645,164.317,25.251,189.5,34.216,158.432,115.089,45.174,43.664,32.308,29.393,57.802,53.001,238.27,244.814,35.295,167.756,120.251,37.839,17.819,110.781,24.939,44.918,138.938,168.5,42.29,79.931,40.602,27.84,213.99,22.768,169.882,106.007,30.022,262.547,194.62,166.712,40.798,237.413,199.275,175.86,138.494,9.777,42.341,137.027,144.282,142.462,131.07,36.607,265.174,211.912,98.342,36.276,33.511,170.749,15.66,46.625,31.456,24.957,20.438,39.569,139.711,253.697,134.315,77.649,123.372,150.162,243.182,107.743,110.461,118.271,153.801,150.232,128.478,36.415,63.988,140.458,200.613,54.312,162.127,67.277,224.357,146.553,43.774,206.571,268.284,196.379,29.464,209.03,47.253,39.678,117.883,245.805,116.76,132.276,143.016,133.057,113.926,165.982,156.453,166.421,155.514,113.226,127.712,115.594,135.615,160.41,133.711,132.223,106.139,173.197,142.05,158.474,121.647,231.607,131.424,135.604,141.127,87.836,170.538,120.905,125.484,116.806,197.417,38.973,162.049,237.632,117.92,245.51,49.208,146.629,166.425,109.774,112.572,44.985,46.374,208.677,46.026,136.88,45.363,131.33,161.108,43.677,127.217,152.27,72.912,208.792,138.51,188.177,154.925,122.302,158.147,
NewYork,216.654,12.492,96.688,74.242,175.906,76.24,218.714,117.366,93.033,70.839,36.633,0.0,8.558,32.675,8.499,103.746,20.729,78.474,95.402,213.638,22.532,70.312,75.47,104.112,90.635,94.236,113.999,82.378,68.998,230.844,97.696,64.205,120.007,102.783,235.125,68.236,57.875,35.577,8.501,214.215,76.999,110.174,106.646,214.571,107.296,100.674,86.043,164.457,44.161,8.654,62.212,71.237,32.175,240.113,267.18,110.017,205.465,138.127,81.063,125.333,125.059,257.129,281.854,124.182,4.096,112.133,134.055,45.197,251.315,65.421,119.945,80.442,15.192,75.752,19.293,18.014,77.653,18.054,183.251,210.727,51.156,123.392,78.821,29.503,26.403,75.649,29.432,72.428,94.982,199.414,34.275,77.224,69.66,19.085,238.574,24.998,199.172,92.077,20.561,245.435,227.603,186.631,1.393,202.531,164.697,130.587,173.14,40.309,42.649,126.778,111.905,111.164,103.967,1.792,236.817,173.461,104.67,26.724,31.068,204.386,47.591,8.231,60.449,43.251,28.16,4.954,95.786,257.765,102.112,106.048,79.91,117.318,257.769,70.024,71.924,81.842,181.056,111.642,85.138,13.277,99.379,116.435,221.819,43.574,162.326,40.087,253.743,105.212,1.859,155.485,229.397,161.596,54.564,161.877,11.0,16.659,82.48,208.558,79.142,83.633,105.032,92.644,73.114,136.177,115.118,130.363,118.241,79.422,86.84,73.821,105.785,123.198,97.027,87.392,67.411,132.567,103.155,125.407,84.511,261.221,97.778,97.365,101.805,87.107,124.106,75.422,75.485,75.291,222.467,3.97,162.158,207.751,83.482,208.637,87.132,104.205,131.787,71.089,80.43,88.396,101.519,230.874,8.079,90.323,8.281,95.293,155.782,40.615,93.037,101.176,76.582,164.037,169.047,158.794,114.536,84.046,117.097,
Boston,223.636,20.112,93.922,76.799,181.682,80.962,225.002,122.698,99.997,75.117,43.637,8.558,0.0,34.075,11.047,104.795,23.085,84.836,111.647,220.694,25.395,75.628,66.221,103.771,92.736,104.895,98.049,97.441,69.478,252.186,109.861,70.674,141.938,100.988,231.321,69.078,68.394,36.256,13.905,217.042,78.38,116.625,105.343,272.607,112.55,100.195,89.775,161.152,42.604,17.283,74.532,78.55,32.289,214.553,267.842,111.819,208.073,122.813,96.777,138.692,132.23,270.516,244.42,140.67,9.387,118.098,145.154,47.44,219.708,75.388,125.573,89.025,23.305,75.265,25.24,24.826,63.846,14.933,221.937,255.2,56.982,129.057,91.352,31.488,28.321,78.066,32.57,75.85,105.326,197.546,37.062,82.899,78.734,23.242,227.905,26.84,204.359,102.957,23.737,220.401,221.122,197.39,6.299,194.624,168.302,129.433,169.365,45.958,40.575,118.438,107.369,105.921,103.584,6.245,230.125,180.561,102.547,26.942,29.313,206.311,45.21,1.691,59.948,46.094,39.949,9.037,93.871,276.033,97.119,111.461,85.764,108.592,215.537,75.2,76.462,83.102,193.325,120.905,87.109,17.873,68.957,110.701,0.104,51.165,164.644,45.333,259.714,104.815,5.591,164.9,245.66,163.978,59.903,236.897,4.188,20.847,86.022,254.961,82.589,107.898,105.181,94.719,73.893,145.344,121.565,132.274,125.402,79.788,93.164,81.549,103.863,128.444,103.388,87.646,72.44,132.263,104.424,135.737,93.386,281.387,104.795,100.98,103.047,89.244,123.553,78.647,86.397,92.287,226.05,11.015,162.314,218.255,83.115,225.135,89.319,109.66,127.086,80.68,81.501,26.965,40.787,238.254,11.15,95.189,7.438,107.956,133.418,46.04,102.361,121.689,79.36,246.127,161.567,157.34,118.928,85.326,121.113,
Miami,261.535,41.814,130.395,108.413,177.251,117.556,304.517,150.855,142.527,98.425,35.541,32.675,34.075,0.0,26.722,114.918,16.238,116.417,130.739,280.177,32.16,77.128,85.804,128.452,128.59,117.802,124.461,107.282,70.502,240.61,137.391,51.907,152.007,114.229,241.505,64.694,61.817,33.276,29.26,239.256,113.966,138.87,132.027,275.897,124.246,140.314,55.468,132.275,36.731,43.949,74.405,108.298,41.254,244.982,246.4,116.004,213.764,124.861,111.814,157.486,159.082,248.037,289.145,153.192,29.612,141.718,137.818,55.774,242.876,60.928,136.952,110.324,18.956,71.227,42.794,38.022,73.616,47.826,185.146,245.211,85.409,157.787,107.457,9.605,42.593,105.099,41.35,75.756,150.788,198.693,6.077,59.888,75.336,34.54,239.453,37.096,266.603,62.401,20.257,257.586,225.697,192.895,27.158,224.075,194.75,167.211,169.786,39.857,49.486,122.78,140.163,139.322,132.629,31.134,258.877,210.64,114.402,43.17,39.963,205.309,34.831,38.445,67.334,46.588,43.949,34.529,129.182,272.948,125.906,106.653,109.196,132.529,230.514,105.196,107.297,111.765,187.294,131.821,118.506,30.558,77.755,153.238,37.04,65.045,127.626,31.61,263.822,133.779,32.803,199.453,271.049,188.308,62.433,227.329,41.073,40.361,110.354,280.875,107.694,117.399,132.821,125.443,107.617,169.795,146.382,160.436,133.966,115.399,108.196,113.881,134.532,154.145,130.188,114.606,98.802,161.371,133.913,134.652,109.201,260.224,121.314,127.322,135.423,59.575,158.362,111.118,110.858,106.809,225.837,33.764,218.865,234.533,109.131,242.54,85.771,135.242,163.526,107.361,109.56,44.151,59.383,235.554,38.52,116.408,37.367,130.749,120.577,25.415,119.264,134.7,39.695,187.385,165.045,189.78,144.185,109.529,139.351,
Washington,213.486,20.143,100.275,78.691,169.961,83.43,215.368,129.125,105.32,75.938,37.111,8.499,11.047,26.722,0.0,94.744,12.064,85.789,103.126,211.51,27.224,62.554,67.866,110.251,96.46,96.206,106.268,96.899,73.799,262.34,111.535,62.614,127.532,99.132,260.661,63.13,151.46,27.17,6.7,215.937,84.245,112.606,106.783,210.483,108.878,118.766,85.189,158.546,32.127,22.134,64.149,90.88,40.626,219.247,248.393,114.856,197.557,115.04,87.446,147.712,128.922,267.537,244.306,123.001,7.619,125.236,132.038,41.099,215.809,67.456,130.638,88.799,12.36,82.947,10.53,23.779,69.775,37.455,207.766,211.159,56.737,142.24,84.631,19.697,29.726,80.312,29.055,70.214,93.131,189.808,31.708,71.205,75.932,21.417,223.702,26.603,211.789,84.398,12.905,214.86,249.022,190.695,6.459,214.335,167.851,138.288,174.054,37.979,48.654,119.017,114.092,107.976,103.445,6.325,256.579,184.109,95.017,19.483,30.907,195.064,43.17,14.031,61.035,40.957,39.067,9.176,100.318,239.878,105.402,105.487,103.804,122.249,223.287,74.885,81.757,85.515,173.437,121.821,87.167,6.704,73.427,125.746,218.035,49.321,152.264,33.058,249.946,117.153,6.08,176.3,253.137,164.274,66.184,227.392,15.88,9.628,92.538,265.808,86.507,97.213,109.396,95.162,79.606,144.791,120.473,135.087,118.417,80.861,91.899,92.496,102.247,135.891,102.562,103.351,90.018,131.449,113.556,120.312,84.055,254.74,97.174,93.067,103.546,79.535,134.747,98.984,96.54,94.358,214.908,9.849,216.767,224.643,86.795,229.236,90.602,110.176,135.304,76.62,84.782,22.777,22.784,236.299,78.214,100.176,14.336,90.978,217.258,33.512,98.709,115.355,69.186,205.828,159.249,156.89,119.127,97.753,112.406,
Barcelona,225.732,108.185,43.091,22.222,237.529,31.335,259.814,66.878,54.493,29.405,135.384,103.746,104.795,114.918,94.744,0.0,110.813,34.576,25.033,262.008,109.229,157.833,160.786,50.543,39.522,14.853,35.99,24.485,155.51,150.617,40.332,146.405,58.614,30.484,150.525,156.436,152.38,120.632,99.967,167.325,41.508,15.615,51.745,170.787,40.643,68.263,176.856,231.93,124.869,102.44,164.282,21.622,121.259,156.052,292.573,13.245,302.438,49.023,26.993,70.086,37.925,209.429,199.655,62.652,100.575,56.843,233.335,132.694,314.366,155.153,70.655,38.262,100.459,157.803,113.185,106.313,161.733,112.225,229.893,167.321,152.574,78.633,36.664,115.715,145.202,35.042,124.037,164.727,8.507,258.78,124.886,176.067,165.732,115.01,314.942,120.663,244.763,195.95,107.524,148.487,265.888,274.764,100.527,119.452,111.095,79.289,224.351,127.635,138.103,213.133,55.227,51.734,48.847,100.074,168.5,141.469,200.632,117.36,124.768,287.28,140.104,101.379,161.218,135.554,129.151,103.866,43.106,179.393,34.995,205.066,31.106,49.851,157.306,25.818,27.542,27.647,227.429,51.998,26.835,106.648,177.362,59.5,305.092,136.189,247.956,122.255,190.229,56.521,95.562,110.511,164.018,102.406,143.093,259.176,104.217,106.23,25.577,189.128,34.924,33.17,21.672,24.194,33.733,69.643,62.4,77.789,34.531,32.593,41.768,30.344,35.584,83.257,43.443,34.583,34.564,70.656,46.367,50.829,23.554,272.449,31.163,17.166,62.683,184.113,73.449,43.636,34.182,32.753,326.412,106.323,238.489,182.231,32.593,162.348,179.163,23.821,79.64,27.561,34.818,116.869,118.807,173.256,101.876,20.93,101.328,31.955,219.845,128.991,31.496,51.772,167.84,227.832,217.862,96.771,48.509,30.791,32.614,
Atlanta,203.44,26.17,113.692,91.32,165.064,96.473,204.021,136.5,119.698,87.745,23.719,20.729,23.085,16.238,12.064,110.813,0.0,99.381,112.455,200.722,29.071,62.347,73.322,115.982,114.804,109.014,112.848,99.664,59.379,221.224,113.412,40.547,139.96,108.516,213.229,50.877,49.383,18.438,14.555,228.862,98.731,126.33,117.704,226.45,113.328,124.205,76.073,140.386,27.693,27.727,59.464,96.216,25.943,244.273,259.59,106.314,208.339,110.261,100.982,140.351,140.052,236.063,245.064,133.765,16.114,127.129,133.47,33.881,219.436,48.313,122.491,93.045,15.36,56.073,30.716,20.51,67.171,33.294,207.01,223.006,52.33,141.18,92.813,11.684,22.493,90.671,25.701,59.801,97.132,178.937,17.693,60.276,54.169,20.999,225.12,21.437,184.273,89.203,8.445,206.695,210.417,176.239,17.749,208.461,172.391,150.475,152.013,27.417,35.379,120.077,119.72,128.068,113.222,19.123,253.827,192.551,94.283,21.158,23.737,193.563,32.759,24.157,59.955,29.706,31.045,23.867,115.951,242.516,110.705,95.383,95.625,120.012,281.306,85.84,94.63,98.376,165.28,119.01,101.967,19.04,75.812,137.941,216.887,60.465,143.158,44.836,238.892,122.363,18.416,184.766,252.831,173.606,37.53,224.522,26.813,25.536,98.562,264.731,94.476,112.266,117.251,112.589,93.907,140.627,128.02,145.825,127.284,103.202,95.745,90.535,110.51,139.407,114.444,100.091,85.009,141.414,119.442,131.987,94.267,243.352,107.286,110.791,109.036,76.228,146.974,93.363,98.833,95.308,207.796,18.741,219.161,242.315,95.489,231.624,88.671,119.643,151.186,93.829,93.046,29.232,28.629,207.47,22.963,116.615,23.915,113.36,137.063,21.636,108.13,120.065,69.5,180.854,148.163,170.046,130.004,94.872,145.414,
Dublin,258.946,96.606,36.551,17.322,254.68,19.905,292.825,60.588,40.69,11.432,118.128,78.474,84.836,116.417,85.789,34.576,99.381,0.0,35.592,280.653,98.622,147.325,151.731,37.402,31.522,34.532,36.037,25.238,122.897,252.092,38.808,141.497,61.49,33.386,203.35,148.479,139.254,111.007,86.189,155.376,19.588,56.487,44.418,164.394,40.174,57.935,157.449,231.968,118.22,74.324,154.093,21.029,89.028,143.319,274.45,41.53,298.983,77.966,24.133,67.488,70.894,248.57,272.687,63.915,79.985,54.611,222.528,122.213,263.057,145.968,65.118,8.627,95.531,140.031,102.696,94.988,155.418,79.72,210.819,153.338,130.347,75.586,16.893,110.283,104.696,14.814,110.562,150.563,33.717,270.729,103.118,163.275,149.149,96.159,307.475,107.028,275.88,186.283,105.451,160.668,250.245,276.803,78.585,144.786,98.93,71.369,237.243,116.914,112.711,192.986,55.258,55.904,45.986,78.868,182.401,130.454,180.854,106.226,86.175,284.634,125.969,73.62,127.582,117.583,101.169,83.41,36.526,185.632,35.106,164.845,20.883,60.039,142.184,13.056,12.633,26.535,268.021,51.671,27.164,91.342,125.736,50.136,289.764,111.393,235.985,121.51,298.437,44.988,68.85,117.263,166.627,100.359,135.261,258.024,72.647,93.945,25.676,215.258,23.384,28.25,42.594,35.131,14.995,69.06,56.081,74.414,52.711,18.578,20.448,18.587,45.22,66.953,41.342,27.319,9.909,73.628,46.295,59.999,23.01,278.131,32.354,38.567,37.748,174.665,65.844,16.27,17.332,18.269,262.148,90.695,223.483,160.908,17.147,156.004,150.933,47.311,70.749,13.584,21.131,105.929,107.19,261.646,81.334,34.343,84.95,35.991,209.629,117.008,31.444,46.436,161.234,116.071,249.172,87.607,58.602,22.415,50.996,
Vienna,281.879,108.676,1.553,21.791,233.226,18.818,295.156,58.352,42.615,27.854,135.742,95.402,111.647,130.739,103.126,25.033,112.455,35.592,0.0,301.603,119.983,167.655,170.784,29.765,33.262,23.896,5.686,14.1,151.883,166.974,30.676,160.661,41.484,14.214,164.704,164.855,163.873,130.15,102.268,168.06,26.277,54.793,32.017,158.93,4.366,35.79,169.748,258.908,134.914,98.335,168.998,18.51,123.194,151.707,198.152,37.699,312.779,16.76,16.531,62.898,67.301,184.181,275.235,47.512,96.747,21.552,224.905,143.269,193.773,162.404,70.003,30.001,113.38,155.986,114.468,110.803,161.657,107.333,209.679,144.388,145.514,71.301,37.006,124.216,121.46,26.096,125.492,172.412,44.432,292.373,122.017,172.285,158.507,117.241,329.333,117.937,294.596,187.79,119.386,141.967,254.428,293.93,96.656,126.475,118.487,37.886,254.635,138.023,127.455,216.184,27.99,33.376,41.108,101.864,195.158,127.072,193.983,123.2,115.369,293.676,143.016,89.079,152.949,132.211,125.556,91.136,1.574,181.176,6.004,192.095,15.397,16.694,154.655,24.788,32.368,8.651,268.658,14.026,16.247,108.9,152.757,38.157,252.902,135.125,246.686,137.348,294.153,22.073,88.869,94.641,189.484,101.499,148.324,242.253,107.214,114.985,13.835,204.584,38.545,15.55,37.366,20.773,28.225,69.944,24.198,78.144,44.763,20.082,25.533,24.041,11.685,56.151,21.113,32.41,23.318,44.242,25.862,14.652,21.072,275.397,6.501,22.64,14.399,178.898,31.567,22.29,20.234,23.677,316.087,106.735,161.186,151.452,23.978,157.973,170.595,31.423,37.73,29.088,24.107,122.044,125.894,263.752,95.591,15.662,94.945,14.111,250.95,132.932,33.744,52.633,110.261,253.599,248.503,73.204,44.977,24.571,60.278,
Brisbane,28.458,224.368,282.301,286.23,130.17,288.455,40.491,295.167,311.219,282.86,186.241,213.638,220.694,280.177,211.51,262.008,200.722,280.653,301.603,0.0,267.424,223.285,185.949,298.225,294.649,301.273,288.245,290.326,223.668,109.183,309.326,203.15,322.724,297.874,125.394,154.342,162.472,189.107,211.567,424.282,292.78,320.885,295.463,303.812,304.557,310.727,347.081,347.691,276.129,268.757,181.359,289.676,247.399,164.506,129.48,274.67,55.227,319.397,282.76,327.604,319.121,254.463,176.955,333.862,352.847,328.333,318.348,248.203,150.77,214.416,329.029,288.665,288.879,226.759,358.448,261.88,218.858,282.16,256.366,150.854,180.56,330.071,292.125,275.364,200.316,277.9,285.555,210.637,297.935,226.698,274.09,261.345,165.596,211.943,37.586,337.385,17.41,286.813,211.453,180.395,162.292,317.169,215.65,305.987,292.949,318.298,136.186,266.237,237.536,320.369,312.883,321.512,302.203,215.164,459.224,280.289,214.867,223.14,259.993,42.514,267.783,275.561,246.265,260.066,253.117,220.183,279.177,170.719,286.603,227.089,281.911,323.479,183.456,282.539,287.437,291.118,149.592,313.321,295.15,215.184,227.029,324.024,230.172,210.699,344.25,244.658,71.933,297.129,265.087,351.604,460.31,368.566,208.5,161.453,274.009,216.628,297.085,216.083,292.883,264.407,296.603,298.536,278.427,350.367,301.506,337.083,323.058,291.609,296.66,299.103,307.83,308.867,278.095,294.752,272.34,317.529,316.69,322.783,292.642,142.638,275.421,284.387,314.893,363.53,309.609,276.106,274.773,277.445,18.521,215.868,251.02,157.546,269.339,310.921,312.685,273.162,337.008,287.852,291.943,259.679,327.488,166.037,259.788,263.921,281.751,263.012,357.274,222.468,281.658,297.81,151.065,410.405,130.911,349.578,322.774,291.166,330.556,
Chicago,251.187,14.613,120.246,93.703,169.071,97.925,288.189,135.901,110.016,85.73,37.217,22.532,25.395,32.16,27.224,109.229,29.071,98.622,119.983,267.424,0.0,51.55,55.839,113.188,112.041,114.006,126.912,94.237,47.77,220.44,116.521,51.418,145.724,111.389,230.564,58.338,59.881,27.867,28.82,231.692,94.644,129.844,118.956,223.301,123.093,118.702,97.517,173.341,36.599,23.83,51.262,93.344,13.514,250.322,233.269,109.965,203.525,116.81,100.719,147.393,140.818,242.131,231.677,130.067,23.055,129.206,143.418,26.38,201.32,55.422,132.882,92.599,28.788,65.39,18.207,8.948,58.834,34.871,260.88,238.556,48.383,138.332,92.588,29.134,8.994,89.829,13.53,55.545,95.49,174.58,34.987,75.856,51.768,4.48,210.755,10.003,250.227,98.998,24.634,208.119,212.376,178.364,20.315,221.807,179.663,153.508,148.948,20.359,27.141,136.946,134.368,127.547,118.499,18.706,254.022,195.151,85.047,13.375,21.77,188.313,36.109,24.75,56.369,30.823,9.465,26.867,120.062,250.312,111.394,92.532,106.171,128.449,295.276,87.163,88.409,96.705,164.41,127.631,103.656,28.0,81.713,129.634,208.853,25.913,167.591,53.641,251.142,127.034,21.198,179.51,246.999,171.394,50.861,250.254,27.007,11.764,101.85,215.515,99.162,104.907,121.628,112.467,90.523,139.606,138.126,148.977,149.165,103.454,101.815,90.632,125.398,139.627,116.994,101.457,84.636,148.984,117.738,130.47,97.195,241.623,111.796,114.877,118.788,102.034,146.867,99.166,99.189,102.801,200.614,22.737,252.187,254.851,105.848,236.299,54.814,122.994,150.958,88.998,95.31,16.199,49.169,214.725,27.436,110.827,17.007,115.212,148.675,51.642,104.955,122.535,81.28,195.358,198.3,178.329,137.204,98.306,163.804,
SanJose,205.866,61.613,169.083,141.464,106.097,154.296,243.051,189.531,166.3,138.151,46.249,70.312,75.628,77.128,62.554,157.833,62.347,147.325,167.655,223.285,51.55,0.0,19.655,158.158,161.45,161.626,152.621,141.723,0.061,165.338,167.362,55.744,192.314,165.244,185.122,11.668,22.072,48.149,67.383,284.123,142.496,180.125,163.161,243.861,172.572,175.498,127.31,196.052,48.832,67.492,22.201,146.58,33.878,212.115,187.613,155.277,150.812,171.081,149.115,192.987,184.002,195.511,179.391,183.592,71.347,174.955,181.255,28.219,155.797,14.465,171.14,140.72,66.012,14.832,66.947,52.818,15.753,82.913,145.73,208.395,19.735,196.599,142.391,71.968,58.128,139.485,55.798,7.405,162.163,126.606,69.073,121.535,1.256,52.696,168.517,53.605,205.483,137.469,67.549,233.368,162.156,132.585,67.957,254.664,235.782,204.465,106.628,45.07,24.792,172.963,182.363,181.0,165.415,72.632,295.96,257.527,48.938,62.727,52.959,135.299,50.685,71.889,32.947,47.85,43.023,70.905,169.916,217.97,153.072,52.095,154.842,176.889,231.661,133.262,137.446,145.801,123.123,177.586,151.913,65.927,26.5,180.883,171.624,58.609,202.308,105.896,206.065,164.895,65.622,224.017,303.867,223.638,62.752,158.457,70.437,59.151,148.665,274.484,145.426,152.554,169.968,158.987,137.706,195.881,189.037,199.924,186.111,151.83,150.098,146.892,169.121,192.887,165.47,151.936,126.56,187.739,170.648,192.13,150.977,180.533,158.47,157.363,167.542,135.6,196.036,144.876,147.384,148.399,155.119,71.469,159.977,208.657,139.191,292.058,19.62,169.419,200.707,136.479,139.613,59.841,69.958,176.131,70.931,159.527,66.367,162.529,190.65,73.916,153.697,170.069,107.319,253.459,97.342,222.62,182.017,148.897,183.965,
Seattle,188.866,54.278,174.256,147.905,143.312,146.528,190.098,183.29,150.402,131.284,61.134,75.47,66.221,85.804,67.866,160.786,73.322,151.731,170.784,185.949,55.839,19.655,0.0,153.701,166.948,168.686,149.009,147.707,18.816,181.133,166.607,63.551,197.942,159.177,171.87,32.655,40.957,54.266,67.97,277.14,147.915,182.54,156.825,277.435,174.862,156.335,128.087,202.976,68.784,56.415,4.031,145.057,41.396,253.908,189.924,172.99,174.435,193.533,154.092,184.91,195.555,205.196,218.989,211.471,76.395,182.901,196.541,32.643,152.914,35.483,174.179,141.486,77.823,38.344,71.614,51.193,4.662,72.481,156.03,247.696,39.636,190.37,143.447,84.104,49.802,139.465,60.615,29.982,148.087,143.943,73.31,117.344,26.986,58.161,158.209,56.029,169.525,145.422,72.636,272.56,165.714,154.571,67.925,248.619,220.888,207.262,113.212,50.246,32.337,182.938,176.938,167.26,158.868,60.662,308.646,263.308,31.062,59.779,50.311,155.736,72.668,78.237,51.554,55.3,49.37,76.424,174.374,239.248,149.217,70.393,159.119,190.536,269.122,140.283,141.949,144.632,139.143,172.105,156.6,76.663,8.661,186.808,137.994,35.097,213.739,107.053,223.978,162.907,57.862,223.183,304.807,222.821,75.036,174.492,72.462,66.157,154.395,257.455,144.312,158.767,166.352,166.549,143.341,200.141,192.449,186.148,200.103,158.254,137.785,153.172,168.917,190.695,171.843,144.503,124.283,202.338,164.33,183.086,153.77,225.866,154.561,161.874,173.085,135.901,200.697,146.308,152.807,156.245,177.266,70.727,175.063,261.518,135.997,282.79,40.705,171.993,204.546,143.192,141.729,66.778,87.117,181.186,79.521,163.821,71.166,168.622,198.253,81.939,153.404,176.237,128.072,257.565,102.113,228.226,188.028,138.659,208.88,
